3.000000000  3.000000000  7.000000000
3.000000000  9.000000000 10.000000000
8.000000000  4.000000000  6.000000000
2.000000000 10.000000000  9.000000000
--- Ma trận đầu vào A ---
3.000000000  3.000000000  7.000000000
3.000000000  9.000000000 10.000000000
8.000000000  4.000000000  6.000000000
2.000000000 10.000000000  9.000000000
Cách: m <= n, dùng M = A · Aᵀ (4×4)
Ma trận M:
 67.000000000 106.000000000  78.000000000  99.000000000
106.000000000 190.000000000 120.000000000 186.000000000
 78.000000000 120.000000000 116.000000000 110.000000000
 99.000000000 186.000000000 110.000000000 185.000000000
Trị riêng λ1 = 512.9433270615892
Vector riêng u1:
-0.346174578
-0.604794169
-0.413292826
-0.586153746
Trị riêng λ2 = 39.52967957567762
Vector riêng u2:
-0.191048721
 0.242780564
-0.836671109
 0.452260367
Trị riêng λ3 = 5.526993362733093
Vector riêng u3:
 0.859990629
 0.092874388
-0.358955793
-0.350629726
Trị riêng λ4 = -9.813414296686293e-16
Vector riêng u4:
 0.322613803
-0.752765540
 0.017922989
 0.573535650
Giá trị kỳ dị:
σ1 = 22.648252185579118
σ2 = 6.287263281880091
σ3 = 2.3509558402345827
σ4 = 0.0
Ma trận Σ:
22.648252186 0.000000000 0.000000000
 0.000000000 6.287263282 0.000000000
 0.000000000 0.000000000 2.350955840
 0.000000000 0.000000000 0.000000000
Vector kỳ dị phải v1:
-0.323714002
-0.617989411
-0.716448416
Vector kỳ dị phải v2:
-0.896042102
 0.443404073
 0.022391498
Vector kỳ dị phải v3:
-0.303838437
-0.649216387
 0.697280638
--- U cuối cùng ---
-0.346174578 -0.191048721  0.859990629  0.322613803
-0.604794169  0.242780564  0.092874388 -0.752765540
-0.413292826 -0.836671109 -0.358955793  0.017922989
-0.586153746  0.452260367 -0.350629726  0.573535650
--- Σ cuối cùng ---
22.648252186 0.000000000 0.000000000
 0.000000000 6.287263282 0.000000000
 0.000000000 0.000000000 2.350955840
 0.000000000 0.000000000 0.000000000
--- V^T cuối cùng ---
-0.323714002 -0.617989411 -0.716448416
-0.896042102  0.443404073  0.022391498
-0.303838437 -0.649216387  0.697280638
--- Ma trận đầu vào A ---
3.000000000  3.000000000  7.000000000
3.000000000  9.000000000 10.000000000
8.000000000  4.000000000  6.000000000
2.000000000 10.000000000  9.000000000
Cách: m > n, dùng N = Aᵀ · A (3×3)
Ma trận N:
 86.000000000  88.000000000 117.000000000
 88.000000000 206.000000000 225.000000000
117.000000000 225.000000000 266.000000000
Trị riêng λ1 = 512.9433270615892
Vector riêng v1:
-0.323714002
-0.617989411
-0.716448416
Trị riêng λ2 = 39.52967957567761
Vector riêng v2:
-0.896042102
 0.443404073
 0.022391498
Trị riêng λ3 = 5.526993362733022
Vector riêng v3:
-0.303838437
-0.649216387
 0.697280638
Giá trị kỳ dị:
σ1 = 22.648252185579118
σ2 = 6.287263281880091
σ3 = 2.3509558402345676
Ma trận Σ:
22.648252186 0.000000000 0.000000000
 0.000000000 6.287263282 0.000000000
 0.000000000 0.000000000 2.350955840
 0.000000000 0.000000000 0.000000000
Vector kỳ dị trái u1:
-0.346174578
-0.604794169
-0.413292826
-0.586153746
Vector kỳ dị trái u2:
-0.191048721
 0.242780564
-0.836671109
 0.452260367
Vector kỳ dị trái u3:
 0.859990629
 0.092874388
-0.358955793
-0.350629726
--- U cuối cùng ---
-0.346174578 -0.191048721  0.859990629  0.322613803
-0.604794169  0.242780564  0.092874388 -0.752765540
-0.413292826 -0.836671109 -0.358955793  0.017922989
-0.586153746  0.452260367 -0.350629726  0.573535650
--- Σ cuối cùng ---
22.648252186 0.000000000 0.000000000
 0.000000000 6.287263282 0.000000000
 0.000000000 0.000000000 2.350955840
 0.000000000 0.000000000 0.000000000
--- V^T cuối cùng ---
-0.323714002 -0.617989411 -0.716448416
-0.896042102  0.443404073  0.022391498
-0.303838437 -0.649216387  0.697280638
