3.000000000  3.000000000  7.000000000
3.000000000  9.000000000 10.000000000
8.000000000  4.000000000  6.000000000
2.000000000 10.000000000  9.000000000
--- Ma trận đầu vào A ---
3.000000000  3.000000000  7.000000000
3.000000000  9.000000000 10.000000000
8.000000000  4.000000000  6.000000000
2.000000000 10.000000000  9.000000000
Cách: m <= n, dùng M = A · Aᵀ (4×4)
Ma trận M:
 67.000000000 106.000000000  78.000000000  99.000000000
106.000000000 190.000000000 120.000000000 186.000000000
 78.000000000 120.000000000 116.000000000 110.000000000
 99.000000000 186.000000000 110.000000000 185.000000000
Đang tìm cặp trị riêng 1: kích thước ma trận (4, 4)
 Lần lặp          y1          y2          y3          y4      lambda        x1        x2        x3        x4
       0   1.0000000   1.0000000   1.0000000   1.0000000   2.0000000 0.5000000 0.5000000 0.5000000 0.5000000
       1 175.0000000 301.0000000 212.0000000 290.0000000 500.2699271 0.3498112 0.6016752 0.4237712 0.5796871
       2 177.6580905 310.0726060 212.4093299 300.3998279 512.8988186 0.3463804 0.6045493 0.4141350 0.5856902
       3 177.5755679 310.2152599 212.0291628 300.6453603 512.9430654 0.3461896 0.6047752 0.4133581 0.5861184
       4 177.5685297 310.2243833 211.9983783 300.6622558 512.9433255 0.3461757 0.6047927 0.4132979 0.5861510
       5 177.5679854 310.2250756 211.9959963 300.6635451 512.9433271 0.3461747 0.6047941 0.4132932 0.5861535
       6 177.5679435 310.2251289 211.9958127 300.6636443 512.9433271 0.3461746 0.6047942 0.4132929 0.5861537
       7 177.5679403 310.2251330 211.9957985 300.6636520 512.9433271 0.3461746 0.6047942 0.4132928 0.5861537
[[  5.53049305  -1.3920548    4.61244372  -5.08211313]
 [ -1.3920548    2.3776486   -8.2138227    4.16037657]
 [  4.61244372  -8.2138227   28.38365681 -14.26213116]
 [ -5.08211313   4.16037657 -14.26213116   8.76487448]]
Đang tìm cặp trị riêng 2: kích thước ma trận (4, 4)
 Lần lặp        y1         y2         y3          y4     lambda        x1         x2        x3         x4
       0 1.0000000  1.0000000  1.0000000   1.0000000  2.0000000 0.5000000  0.5000000 0.5000000  0.5000000
       1 1.8343844 -1.5339262  5.2600733  -3.2094966  6.6096245 0.2775323 -0.2320746 0.7958203 -0.4855793
       2 7.9963963 -9.4950516 32.7000076 -17.9821034 39.3286778 0.2033223 -0.2414282 0.8314545 -0.4572262
       3 7.6192664 -9.5887206 33.0416017 -17.9035833 39.5257198 0.1927673 -0.2425945 0.8359519 -0.4529603
       4 7.5615799 -9.5959935 33.0693086 -17.8815461 39.5296022 0.1912890 -0.2427546 0.8365707 -0.4523584
       5 7.5534223 -9.5968949 33.0727845 -17.8782491 39.5296781 0.1910823 -0.2427770 0.8366571 -0.4522741
       6 7.5522799 -9.5970187 33.0732627 -17.8777839 39.5296795 0.1910534 -0.2427801 0.8366691 -0.4522623
       7 7.5521202 -9.5970359 33.0733294 -17.8777188 39.5296796 0.1910494 -0.2427805 0.8366708 -0.4522607
       8 7.5520979 -9.5970383 33.0733388 -17.8777097 39.5296796 0.1910488 -0.2427806 0.8366711 -0.4522604
[[ 4.08767382  0.44144786 -1.70617796 -1.66659814]
 [ 0.44144786  0.04767411 -0.18425849 -0.17998407]
 [-1.70617796 -0.18425849  0.71215155  0.6956311 ]
 [-1.66659814 -0.17998407  0.6956311   0.67949388]]
Đang tìm cặp trị riêng 3: kích thước ma trận (4, 4)
 Lần lặp        y1        y2         y3         y4    lambda        x1        x2         x3         x4
       0 1.0000000 1.0000000  1.0000000  1.0000000 2.0000000 0.5000000 0.5000000  0.5000000  0.5000000
       1 0.5781728 0.0624397 -0.2413269 -0.2357286 0.6723014 0.8599905 0.0928746 -0.3589564 -0.3506294
       2 4.7531617 0.5133172 -1.9839498 -1.9379263 5.5269934 0.8599905 0.0928746 -0.3589564 -0.3506294
       3 4.7531617 0.5133172 -1.9839498 -1.9379263 5.5269934 0.8599905 0.0928746 -0.3589564 -0.3506294
[[ 2.75584000e-11 -1.52356461e-11  9.98428007e-11 -3.86579657e-11]
 [-1.52637902e-11  5.39686212e-11 -1.03265813e-10  8.25758351e-11]
 [ 9.98354732e-11 -1.03246300e-10  4.12326173e-10 -2.04598782e-10]
 [-3.86577437e-11  8.26247959e-11 -2.04586126e-10  1.36514799e-10]]
Đang tìm cặp trị riêng 4: kích thước ma trận (4, 4)
 Lần lặp        y1         y2        y3         y4    lambda        x1         x2        x3         x4
       0 1.0000000  1.0000000 1.0000000  1.0000000 2.0000000 0.5000000  0.5000000 0.5000000  0.5000000
       1 0.0000000  0.0000000 0.0000000 -0.0000000 0.0000000 0.3351595  0.0826193 0.9320352 -0.1102388
       2 0.0000000 -0.0000000 0.0000000 -0.0000000 0.0000000 0.2090536 -0.2104396 0.8573383 -0.4206933
[[ 2.27678605e-11 -1.04133462e-11  8.01965790e-11 -2.90176253e-11]
 [-1.04407770e-11  4.91136324e-11 -8.34864150e-11  7.28701456e-11]
 [ 8.01908096e-11 -8.34713966e-11  3.31762510e-10 -1.65066441e-10]
 [-2.90188026e-11  7.29219506e-11 -1.65056388e-10  1.17117679e-10]]
Tất cả trị riêng và vector riêng (sắp xếp):
  λ1 = 512.9433271, v = [0.3461746, 0.6047942, 0.4132928, 0.5861537]
  λ2 = 39.5296796, v = [0.1910488, -0.2427806, 0.8366711, -0.4522604]
  λ3 = 5.5269934, v = [0.8599905, 0.0928746, -0.3589564, -0.3506294]
  λ4 = 0.0000000, v = [0.2090698, -0.2104870, 0.8573367, -0.4206648]
Trị riêng λ1 = 512.9433270615345
Vector riêng u1:
0.346174579
0.604794169
0.413292829
0.586153745
Trị riêng λ2 = 39.52967957509924
Vector riêng u2:
 0.191048800
-0.242780575
 0.836671056
-0.452260425
Trị riêng λ3 = 5.526993362735847
Vector riêng u3:
 0.859990483
 0.092874573
-0.358956432
-0.350629381
Trị riêng λ4 = 1.0960631231091876e-10
Vector riêng u4:
 0.209069772
-0.210486994
 0.857336696
-0.420664767
Giá trị kỳ dị:
σ1 = 22.64825218557791
σ2 = 6.287263281834095
σ3 = 2.3509558402351685
σ4 = 1.0469303334554729e-05
Ma trận Σ:
22.648252186 0.000000000 0.000000000
 0.000000000 6.287263282 0.000000000
 0.000000000 0.000000000 2.350955840
 0.000000000 0.000000000 0.000000000
Vector kỳ dị phải v1:
0.323714002
0.617989410
0.716448416
Vector kỳ dị phải v2:
 0.896042049
-0.443404178
-0.022391562
Vector kỳ dị phải v3:
-0.303840268
-0.649215481
 0.697280683
--- U cuối cùng ---
0.346174579  0.191048800  0.859990483  0.209069772
0.604794169 -0.242780575  0.092874573 -0.210486994
0.413292829  0.836671056 -0.358956432  0.857336696
0.586153745 -0.452260425 -0.350629381 -0.420664767
--- Σ cuối cùng ---
22.648252186 0.000000000 0.000000000
 0.000000000 6.287263282 0.000000000
 0.000000000 0.000000000 2.350955840
 0.000000000 0.000000000 0.000000000
--- V^T cuối cùng ---
 0.323714002  0.617989410  0.716448416
 0.896042049 -0.443404178 -0.022391562
-0.303840268 -0.649215481  0.697280683
--- Ma trận đầu vào A ---
3.000000000  3.000000000  7.000000000
3.000000000  9.000000000 10.000000000
8.000000000  4.000000000  6.000000000
2.000000000 10.000000000  9.000000000
Cách: m > n, dùng N = Aᵀ · A (3×3)
Ma trận N:
 86.000000000  88.000000000 117.000000000
 88.000000000 206.000000000 225.000000000
117.000000000 225.000000000 266.000000000
Đang tìm cặp trị riêng 1: kích thước ma trận (3, 3)
 Lần lặp          y1          y2          y3      lambda        x1        x2        x3
       0   1.0000000   1.0000000   1.0000000   1.7320508 0.5773503 0.5773503 0.5773503
       1 168.0089283 299.6447897 351.0289637 491.1571371 0.3420676 0.6100793 0.7146979
       2 166.7244389 316.5852992 367.3993779 512.8407093 0.3250999 0.6173170 0.7164006
       3 166.1013522 316.9662224 367.4955650 512.9427216 0.3238205 0.6179369 0.7164456
       4 166.0511425 316.9914614 367.4973259 512.9433235 0.3237222 0.6179854 0.7164482
       5 166.0472612 316.9933840 367.4974262 512.9433270 0.3237146 0.6179891 0.7164484
       6 166.0469620 316.9935321 367.4974337 512.9433271 0.3237141 0.6179894 0.7164484
       7 166.0469389 316.9935435 367.4974343 512.9433271 0.3237140 0.6179894 0.7164484
[[ 32.24828032 -14.61524964  -1.96406643]
 [-14.61524964  10.10134743  -2.10952221]
 [ -1.96406643  -2.10952221   2.70704519]]
Đang tìm cặp trị riêng 2: kích thước ma trận (3, 3)
 Lần lặp         y1          y2         y3     lambda        x1         x2         x3
       0  1.0000000   1.0000000  1.0000000  1.7320508 0.5773503  0.5773503  0.5773503
       1  9.0464807  -3.8240359 -0.7889742  9.8531490 0.9181309 -0.3881029 -0.0800733
       2 35.4376337 -17.1701586 -1.2013205 39.3964897 0.8995125 -0.4358297 -0.0304931
       3 35.4373799 -17.4847402 -0.9298560 39.5270625 0.8965346 -0.4423486 -0.0235245
       4 35.4229385 -17.5217685 -0.8913914 39.5296284 0.8961111 -0.4432566 -0.0225500
       5 35.4206371 -17.5268066 -0.8860058 39.5296786 0.8960517 -0.4433835 -0.0224137
       6 35.4203098 -17.5275082 -0.8852527 39.5296796 0.8960434 -0.4434012 -0.0223946
       7 35.4202640 -17.5276063 -0.8851474 39.5296796 0.8960423 -0.4434037 -0.0223920
       8 35.4202575 -17.5276200 -0.8851327 39.5296796 0.8960421 -0.4434040 -0.0223916
[[ 0.51023798  1.090236   -1.17095029]
 [ 1.090236    2.32952973 -2.50199362]
 [-1.17095029 -2.50199362  2.68722565]]
Đang tìm cặp trị riêng 3: kích thước ma trận (3, 3)
 Lần lặp        y1        y2         y3    lambda        x1        x2         x3
       0 1.0000000 1.0000000  1.0000000 1.7320508 0.5773503 0.5773503  0.5773503
       1 0.2479856 0.5298760 -0.5691047 0.8161774 0.3038379 0.6492167 -0.6972806
       2 1.6793100 3.5882162 -3.8538654 5.5269934 0.3038379 0.6492167 -0.6972806
       3 1.6793100 3.5882162 -3.8538654 5.5269934 0.3038379 0.6492167 -0.6972806
[[ 3.18740256e-10 -1.25806032e-10  2.17561524e-11]
 [-1.25807142e-10  1.23195676e-10  5.98832095e-11]
 [ 2.17545981e-11  5.98836536e-11  6.52358167e-11]]
Tất cả trị riêng và vector riêng (sắp xếp):
  λ1 = 512.9433271, v = [0.3237140, 0.6179894, 0.7164484]
  λ2 = 39.5296796, v = [0.8960421, -0.4434040, -0.0223916]
  λ3 = 5.5269934, v = [0.3038379, 0.6492167, -0.6972806]
Trị riêng λ1 = 512.9433270614625
Vector riêng v1:
0.323714005
0.617989409
0.716448416
Trị riêng λ2 = 39.529679575295454
Vector riêng v2:
 0.896042111
-0.443404050
-0.022391597
Trị riêng λ3 = 5.526993362734916
Vector riêng v3:
 0.303837881
 0.649216662
-0.697280624
Giá trị kỳ dị:
σ1 = 22.648252185576318
σ2 = 6.287263281849699
σ3 = 2.3509558402349704
Ma trận Σ:
22.648252186 0.000000000 0.000000000
 0.000000000 6.287263282 0.000000000
 0.000000000 0.000000000 2.350955840
 0.000000000 0.000000000 0.000000000
Vector kỳ dị trái u1:
0.346174579
0.604794169
0.413292827
0.586153745
Vector kỳ dị trái u2:
 0.191048625
-0.242780685
 0.836671040
-0.452260470
Vector kỳ dị trái u3:
-0.859990946
-0.092873985
 0.358954404
 0.350630477
--- U cuối cùng ---
0.346174579  0.191048625 -0.859990946  0.322613804
0.604794169 -0.242780685 -0.092873985 -0.752765368
0.413292827  0.836671040  0.358954404  0.017922811
0.586153745 -0.452260470  0.350630477  0.573535881
--- Σ cuối cùng ---
22.648252186 0.000000000 0.000000000
 0.000000000 6.287263282 0.000000000
 0.000000000 0.000000000 2.350955840
 0.000000000 0.000000000 0.000000000
--- V^T cuối cùng ---
0.323714005  0.617989409  0.716448416
0.896042111 -0.443404050 -0.022391597
0.303837881  0.649216662 -0.697280624
